500
500
500
500
500
500
500
500
500
500
500
500
500
500
400
400
400
400
400
400
400
400
400
400
400
400
400
400
400
400
400
400
400
400
400
400
400
400
400
400
400
400
400
400
400
500
500
500
500
500
500
500
500
500
500
500
500
600
600
600
600
600
600
600
600
600
600
600
600
600
600
600
600
600
600
500
500
500
500
500
500
500
500
500
500
500
500
500
500
500
500
500
500
500
500
500
500
500
500
500
500
500
500
500
500
500
500
500
500
500
500
500
500
500
500
500
500
500
500
500
500
500
500
500
500
500
600
600
600
600
600
600
600
600
600
600
600
600
600
600
600
600
600
600
600
600
600
600
600
600
600
600
600
600
600
700
600
600
600
600
600
600
600
600
600
600
600
600
600
600
600
600
600
600
600
600
600
600
600
600
600
600
600
600
600
600
500
500
500
500
500
500
500
500
600
600
600
600
600
600
600
600
600
600
600
700
700
700
700
700
700
700
700
700
700
700
700
700
700
700
700
700
700
700
700
700
700
600
600
600
600
600
600
600
500
500
500
500
500
500
500
500
500
400
400
400
400
400
400
400
400
400
400
400
400
400
600
600
700
700
700
700
700
700
700
700
700
700
700
700
800
800
800
800
800
800
800
800
800
